Vgs     Vds     Ids
0	0	-0.003709797
0	0.05	-0.003701793
0	0.1	-0.003692938
0	0.15	-0.00368534
0	0.2	-0.003677844
0	0.25	-0.003670296
0	0.3	-0.003662542
0	0.35	-0.003654991
0	0.4	-0.003647239
0	0.45	-0.003639441
0	0.5	-0.003631593
0	0.55	-0.003623626
0	0.6	-0.003615508
0	0.65	-0.003607361
0	0.7	-0.003599272
0	0.75	-0.003590956
0	0.8	-0.003582583
0	0.85	-0.003574096
0	0.9	-0.003565321
0	0.95	-0.003556676
0	1	-0.003547701
0	1.05	-0.003538716
0	1.1	-0.003529501
0	1.15	-0.003520104
0	1.2	-0.003510609
0	1.25	-0.003500914
0	1.3	-0.003490985
0	1.35	-0.003480833
0	1.4	-0.003470458
0	1.45	-0.003459927
0	1.5	-0.003448958
0	1.55	-0.003437764
0	1.6	-0.003426307
0	1.65	-0.003414369
0	1.7	-0.003401994
0	1.75	-0.003389127
0	1.8	-0.003375872
0	1.85	-0.003361984
0	1.9	-0.003347599
0	1.95	-0.003332626
0	2	-0.003316922
0	2.05	-0.003300606
0	2.1	-0.003283579
0	2.15	-0.003265352
0	2.2	-0.003246607
0	2.25	-0.003227038
0	2.3	-0.003206414
0	2.35	-0.003184777
0	2.4	-0.003162256
0	2.45	-0.003138497
0	2.5	-0.003113737
0	2.55	-0.003087815
0	2.6	-0.003060808
0	2.65	-0.003032419
0	2.7	-0.003002621
0	2.75	-0.002971654
0	2.8	-0.002939415
0	2.85	-0.002905829
0	2.9	-0.002870872
0	2.95	-0.002834567
0	3	-0.002796689
0	3.05	-0.002757597
0	3.1	-0.002717168
0	3.15	-0.002675251
0	3.2	-0.002631919
0	3.25	-0.002587125
0	3.3	-0.00254058
0	3.35	-0.00249292
0	3.4	-0.002443762
0	3.45	-0.002393122
0	3.5	-0.002341036
0	3.55	-0.002287084
0	3.6	-0.002232004
0	3.65	-0.002175426
0	3.7	-0.00211734
0	3.75	-0.002057785
0	3.8	-0.001996768
0	3.85	-0.00193375
0	3.9	-0.001869726
0	3.95	-0.001804227
0	4	-0.001737224
0	4.05	-0.001668916
0	4.1	-0.001598611
0	4.15	-0.001527284
0	4.2	-0.001454507
0	4.25	-0.001380208
0	4.3	-0.001304425
0	4.35	-0.00122718
0	4.4	-0.001147873
0	4.45	-0.001067601
0	4.5	-0.000986738
0	4.55	-0.000903379
0	4.6	-0.000818574
0	4.65	-0.000732273
0	4.7	-0.00064393
0	4.75	-0.000554572
0	4.8	-0.000463644
0	4.85	-0.000371224
0	4.9	-0.000277214
0	4.95	-0.000180999
0	5	-8.43E-05
0.5	0	-0.002880202
0.5	0.05	-0.002874291
0.5	0.1	-0.002868379
0.5	0.15	-0.002862448
0.5	0.2	-0.002856584
0.5	0.25	-0.002850715
0.5	0.3	-0.002844869
0.5	0.35	-0.002838987
0.5	0.4	-0.002833023
0.5	0.45	-0.002827022
0.5	0.5	-0.002821133
0.5	0.55	-0.002815101
0.5	0.6	-0.002809056
0.5	0.65	-0.002802915
0.5	0.7	-0.002796755
0.5	0.75	-0.002790608
0.5	0.8	-0.002784254
0.5	0.85	-0.002777949
0.5	0.9	-0.002771467
0.5	0.95	-0.002765044
0.5	1	-0.00275857
0.5	1.05	-0.002751925
0.5	1.1	-0.002745303
0.5	1.15	-0.002738584
0.5	1.2	-0.002731791
0.5	1.25	-0.002724815
0.5	1.3	-0.002717798
0.5	1.35	-0.002710729
0.5	1.4	-0.002703511
0.5	1.45	-0.002696249
0.5	1.5	-0.002688749
0.5	1.55	-0.002681189
0.5	1.6	-0.002673527
0.5	1.65	-0.002665683
0.5	1.7	-0.002657634
0.5	1.75	-0.002649491
0.5	1.8	-0.00264116
0.5	1.85	-0.002632502
0.5	1.9	-0.002623733
0.5	1.95	-0.002614605
0.5	2	-0.002605235
0.5	2.05	-0.00259559
0.5	2.1	-0.002585584
0.5	2.15	-0.002575026
0.5	2.2	-0.002564154
0.5	2.25	-0.002552967
0.5	2.3	-0.002541139
0.5	2.35	-0.002528754
0.5	2.4	-0.002515804
0.5	2.45	-0.00250203
0.5	2.5	-0.002487706
0.5	2.55	-0.002472539
0.5	2.6	-0.002456529
0.5	2.65	-0.002439656
0.5	2.7	-0.002421598
0.5	2.75	-0.002402696
0.5	2.8	-0.002382717
0.5	2.85	-0.002361694
0.5	2.9	-0.002339388
0.5	2.95	-0.002315952
0.5	3	-0.002291088
0.5	3.05	-0.002265026
0.5	3.1	-0.002237671
0.5	3.15	-0.00220903
0.5	3.2	-0.00217893
0.5	3.25	-0.002147472
0.5	3.3	-0.002114335
0.5	3.35	-0.002079975
0.5	3.4	-0.002044091
0.5	3.45	-0.002006743
0.5	3.5	-0.001967875
0.5	3.55	-0.001927238
0.5	3.6	-0.00188534
0.5	3.65	-0.001841921
0.5	3.7	-0.001796925
0.5	3.75	-0.001750405
0.5	3.8	-0.001702294
0.5	3.85	-0.001652295
0.5	3.9	-0.00160107
0.5	3.95	-0.001548268
0.5	4	-0.001493935
0.5	4.05	-0.001438141
0.5	4.1	-0.001380402
0.5	4.15	-0.001321433
0.5	4.2	-0.001260958
0.5	4.25	-0.001198851
0.5	4.3	-0.001135182
0.5	4.35	-0.001069935
0.5	4.4	-0.00100263
0.5	4.45	-0.000935033
0.5	4.5	-0.00086498
0.5	4.55	-0.000793328
0.5	4.6	-0.000720084
0.5	4.65	-0.000645278
0.5	4.7	-0.000568367
0.5	4.75	-0.000490297
0.5	4.8	-0.000410584
0.5	4.85	-0.000329247
0.5	4.9	-0.000246274
0.5	4.95	-0.000161022
0.5	5	-7.51E-05
1	0	-0.002118496
1	0.05	-0.002114322
1	0.1	-0.002110076
1	0.15	-0.002105758
1	0.2	-0.002101448
1	0.25	-0.002097219
1	0.3	-0.002092882
1	0.35	-0.002088598
1	0.4	-0.002084356
1	0.45	-0.002079899
1	0.5	-0.002075543
1	0.55	-0.002071185
1	0.6	-0.002066797
1	0.65	-0.002062358
1	0.7	-0.002057799
1	0.75	-0.002053347
1	0.8	-0.002048802
1	0.85	-0.002044247
1	0.9	-0.002039659
1	0.95	-0.002034995
1	1	-0.002030339
1	1.05	-0.002025652
1	1.1	-0.00202086
1	1.15	-0.002016075
1	1.2	-0.002011334
1	1.25	-0.002006497
1	1.3	-0.002001554
1	1.35	-0.001996545
1	1.4	-0.001991456
1	1.45	-0.001986247
1	1.5	-0.001981045
1	1.55	-0.001975836
1	1.6	-0.001970638
1	1.65	-0.001965324
1	1.7	-0.001959766
1	1.75	-0.001954285
1	1.8	-0.001948775
1	1.85	-0.001943227
1	1.9	-0.001937499
1	1.95	-0.001931553
1	2	-0.001925623
1	2.05	-0.001919496
1	2.1	-0.001913394
1	2.15	-0.001907033
1	2.2	-0.001900611
1	2.25	-0.001893993
1	2.3	-0.001887229
1	2.35	-0.001880372
1	2.4	-0.001873172
1	2.45	-0.001865822
1	2.5	-0.00185797
1	2.55	-0.00185004
1	2.6	-0.001841687
1	2.65	-0.001833029
1	2.7	-0.00182375
1	2.75	-0.001813899
1	2.8	-0.001803775
1	2.85	-0.001792866
1	2.9	-0.001781289
1	2.95	-0.001768928
1	3	-0.001755739
1	3.05	-0.001741642
1	3.1	-0.001726691
1	3.15	-0.001710674
1	3.2	-0.001693532
1	3.25	-0.001675227
1	3.3	-0.001655556
1	3.35	-0.001634749
1	3.4	-0.001612621
1	3.45	-0.001589055
1	3.5	-0.001564138
1	3.55	-0.001537564
1	3.6	-0.001509637
1	3.65	-0.001480194
1	3.7	-0.001449252
1	3.75	-0.001416776
1	3.8	-0.001382616
1	3.85	-0.001346626
1	3.9	-0.001309311
1	3.95	-0.001270346
1	4	-0.001229725
1	4.05	-0.001187535
1	4.1	-0.001143451
1	4.15	-0.001097984
1	4.2	-0.00105084
1	4.25	-0.00100201
1	4.3	-0.000952253
1	4.35	-0.000900106
1	4.4	-0.000845863
1	4.45	-0.000790315
1	4.5	-0.000733095
1	4.55	-0.000674103
1	4.6	-0.000613466
1	4.65	-0.000551097
1	4.7	-0.000486628
1	4.75	-0.000420787
1	4.8	-0.000353191
1	4.85	-0.000283876
1	4.9	-0.000212796
1	4.95	-0.000139423
1	5	-6.51E-05
1.5	0	-0.001440065
1.5	0.05	-0.001437281
1.5	0.1	-0.001434295
1.5	0.15	-0.001431459
1.5	0.2	-0.001428449
1.5	0.25	-0.001425435
1.5	0.3	-0.001422644
1.5	0.35	-0.001419551
1.5	0.4	-0.001416605
1.5	0.45	-0.001413694
1.5	0.5	-0.001410977
1.5	0.55	-0.001407744
1.5	0.6	-0.001404701
1.5	0.65	-0.001401546
1.5	0.7	-0.001398472
1.5	0.75	-0.001395385
1.5	0.8	-0.001392274
1.5	0.85	-0.001389198
1.5	0.9	-0.001386005
1.5	0.95	-0.001382923
1.5	1	-0.001379775
1.5	1.05	-0.001376508
1.5	1.1	-0.001373219
1.5	1.15	-0.00136992
1.5	1.2	-0.001366877
1.5	1.25	-0.00136346
1.5	1.3	-0.001360162
1.5	1.35	-0.001356797
1.5	1.4	-0.001353494
1.5	1.45	-0.001350102
1.5	1.5	-0.001346631
1.5	1.55	-0.00134313
1.5	1.6	-0.001339604
1.5	1.65	-0.001336041
1.5	1.7	-0.001332536
1.5	1.75	-0.001328895
1.5	1.8	-0.001325215
1.5	1.85	-0.001321632
1.5	1.9	-0.001317881
1.5	1.95	-0.001314163
1.5	2	-0.00131032
1.5	2.05	-0.001306429
1.5	2.1	-0.00130254
1.5	2.15	-0.001298507
1.5	2.2	-0.001294496
1.5	2.25	-0.001290477
1.5	2.3	-0.00128637
1.5	2.35	-0.001282262
1.5	2.4	-0.001278115
1.5	2.45	-0.001273774
1.5	2.5	-0.001269194
1.5	2.55	-0.001264661
1.5	2.6	-0.001260081
1.5	2.65	-0.001255323
1.5	2.7	-0.001250453
1.5	2.75	-0.0012455
1.5	2.8	-0.001240401
1.5	2.85	-0.001235132
1.5	2.9	-0.001229623
1.5	2.95	-0.001223906
1.5	3	-0.001217938
1.5	3.05	-0.001211624
1.5	3.1	-0.001205042
1.5	3.15	-0.001197932
1.5	3.2	-0.0011905
1.5	3.25	-0.001182443
1.5	3.3	-0.001173713
1.5	3.35	-0.001164421
1.5	3.4	-0.00115435
1.5	3.45	-0.001143388
1.5	3.5	-0.001131426
1.5	3.55	-0.001118461
1.5	3.6	-0.001104175
1.5	3.65	-0.001088844
1.5	3.7	-0.001072111
1.5	3.75	-0.001054055
1.5	3.8	-0.001034573
1.5	3.85	-0.001013391
1.5	3.9	-0.00099138
1.5	3.95	-0.000967262
1.5	4	-0.000941426
1.5	4.05	-0.000914063
1.5	4.1	-0.000884781
1.5	4.15	-0.000853996
1.5	4.2	-0.000821471
1.5	4.25	-0.000787199
1.5	4.3	-0.0007512
1.5	4.35	-0.000713403
1.5	4.4	-0.000673507
1.5	4.45	-0.00063208
1.5	4.5	-0.000588883
1.5	4.55	-0.000543815
1.5	4.6	-0.000496942
1.5	4.65	-0.00044825
1.5	4.7	-0.000397388
1.5	4.75	-0.000344954
1.5	4.8	-0.000290638
1.5	4.85	-0.000234474
1.5	4.9	-0.000176389
1.5	4.95	-0.000116
1.5	5	-5.43E-05
2	0	-0.000862271
2	0.05	-0.000860632
2	0.1	-0.000858876
2	0.15	-0.000856975
2	0.2	-0.000855144
2	0.25	-0.000853318
2	0.3	-0.000851646
2	0.35	-0.000849734
2	0.4	-0.000847919
2	0.45	-0.000846065
2	0.5	-0.000844246
2	0.55	-0.000842398
2	0.6	-0.000840485
2	0.65	-0.000838585
2	0.7	-0.000836701
2	0.75	-0.000834763
2	0.8	-0.000833072
2	0.85	-0.000830997
2	0.9	-0.000829031
2	0.95	-0.000827094
2	1	-0.000825145
2	1.05	-0.000823215
2	1.1	-0.000821319
2	1.15	-0.000819178
2	1.2	-0.000817234
2	1.25	-0.000815222
2	1.3	-0.000813109
2	1.35	-0.000811167
2	1.4	-0.000809056
2	1.45	-0.000806963
2	1.5	-0.000804944
2	1.55	-0.000802818
2	1.6	-0.000800712
2	1.65	-0.000798615
2	1.7	-0.000796454
2	1.75	-0.000794413
2	1.8	-0.000792163
2	1.85	-0.000790024
2	1.9	-0.000787949
2	1.95	-0.000785493
2	2	-0.000783271
2	2.05	-0.000780976
2	2.1	-0.000778663
2	2.15	-0.000776394
2	2.2	-0.000774046
2	2.25	-0.000771646
2	2.3	-0.000769288
2	2.35	-0.000766941
2	2.4	-0.000764476
2	2.45	-0.000762052
2	2.5	-0.00075954
2	2.55	-0.000757109
2	2.6	-0.00075461
2	2.65	-0.00075184
2	2.7	-0.000749226
2	2.75	-0.000746501
2	2.8	-0.000743871
2	2.85	-0.000741075
2	2.9	-0.000738283
2	2.95	-0.000735341
2	3	-0.00073241
2	3.05	-0.000729447
2	3.1	-0.00072637
2	3.15	-0.000723212
2	3.2	-0.000720001
2	3.25	-0.000716786
2	3.3	-0.000713215
2	3.35	-0.000709602
2	3.4	-0.0007058
2	3.45	-0.000701912
2	3.5	-0.000697646
2	3.55	-0.000693113
2	3.6	-0.000688362
2	3.65	-0.000683179
2	3.7	-0.000677432
2	3.75	-0.000671155
2	3.8	-0.000664184
2	3.85	-0.000656272
2	3.9	-0.0006475
2	3.95	-0.000637621
2	4	-0.000626599
2	4.05	-0.000614237
2	4.1	-0.000600358
2	4.15	-0.000585065
2	4.2	-0.000568166
2	4.25	-0.000549551
2	4.3	-0.00052924
2	4.35	-0.000507138
2	4.4	-0.000483061
2	4.45	-0.000457218
2	4.5	-0.000429477
2	4.55	-0.000399789
2	4.6	-0.000368184
2	4.65	-0.000334611
2	4.7	-0.000298838
2	4.75	-0.000261243
2	4.8	-0.000221616
2	4.85	-0.000179979
2	4.9	-0.000136262
2	4.95	-9.04E-05
2	5	-4.25E-05
2.5	0	-0.000406271
2.5	0.05	-0.00040549
2.5	0.1	-0.000404567
2.5	0.15	-0.000403694
2.5	0.2	-0.000402784
2.5	0.25	-0.000401872
2.5	0.3	-0.00040099
2.5	0.35	-0.000400059
2.5	0.4	-0.000399119
2.5	0.45	-0.000398211
2.5	0.5	-0.000397401
2.5	0.55	-0.000396415
2.5	0.6	-0.00039543
2.5	0.65	-0.000394447
2.5	0.7	-0.000393466
2.5	0.75	-0.000392675
2.5	0.8	-0.000391624
2.5	0.85	-0.000390688
2.5	0.9	-0.000389726
2.5	0.95	-0.000388787
2.5	1	-0.00038773
2.5	1.05	-0.000386763
2.5	1.1	-0.000385826
2.5	1.15	-0.000384857
2.5	1.2	-0.00038388
2.5	1.25	-0.000382833
2.5	1.3	-0.000381845
2.5	1.35	-0.000380845
2.5	1.4	-0.000379863
2.5	1.45	-0.000378886
2.5	1.5	-0.000377742
2.5	1.55	-0.000376808
2.5	1.6	-0.000375658
2.5	1.65	-0.000374685
2.5	1.7	-0.000373589
2.5	1.75	-0.000372547
2.5	1.8	-0.000371527
2.5	1.85	-0.000370388
2.5	1.9	-0.000369343
2.5	1.95	-0.000368202
2.5	2	-0.000367147
2.5	2.05	-0.000366091
2.5	2.1	-0.000364956
2.5	2.15	-0.000363814
2.5	2.2	-0.00036266
2.5	2.25	-0.000361563
2.5	2.3	-0.000360454
2.5	2.35	-0.000359281
2.5	2.4	-0.000358161
2.5	2.45	-0.000356991
2.5	2.5	-0.00035587
2.5	2.55	-0.000354624
2.5	2.6	-0.000353469
2.5	2.65	-0.000352231
2.5	2.7	-0.00035104
2.5	2.75	-0.000349783
2.5	2.8	-0.000348525
2.5	2.85	-0.000347241
2.5	2.9	-0.000345977
2.5	2.95	-0.000344665
2.5	3	-0.000343364
2.5	3.05	-0.000342077
2.5	3.1	-0.000340688
2.5	3.15	-0.000339317
2.5	3.2	-0.000337933
2.5	3.25	-0.000336507
2.5	3.3	-0.000335093
2.5	3.35	-0.000333609
2.5	3.4	-0.000332118
2.5	3.45	-0.00033059
2.5	3.5	-0.000329071
2.5	3.55	-0.000327461
2.5	3.6	-0.000325838
2.5	3.65	-0.000324171
2.5	3.7	-0.000322394
2.5	3.75	-0.00032056
2.5	3.8	-0.000318715
2.5	3.85	-0.000316729
2.5	3.9	-0.000314688
2.5	3.95	-0.000312412
2.5	4	-0.000309955
2.5	4.05	-0.000307293
2.5	4.1	-0.000304372
2.5	4.15	-0.000300958
2.5	4.2	-0.000297019
2.5	4.25	-0.000292391
2.5	4.3	-0.000286816
2.5	4.35	-0.000280187
2.5	4.4	-0.000272233
2.5	4.45	-0.000262719
2.5	4.5	-0.000251611
2.5	4.55	-0.000238738
2.5	4.6	-0.000223925
2.5	4.65	-0.000207178
2.5	4.7	-0.000188265
2.5	4.75	-0.00016733
2.5	4.8	-0.000144178
2.5	4.85	-0.000118838
2.5	4.9	-9.15E-05
2.5	4.95	-6.14E-05
2.5	5	-2.92E-05
3	0	-0.000105306
3	0.05	-0.000104927
3	0.1	-0.000104652
3	0.15	-0.00010438
3	0.2	-0.000104118
3	0.25	-0.00010386
3	0.3	-0.000103585
3	0.35	-0.000103319
3	0.4	-0.000103058
3	0.45	-0.000102788
3	0.5	-0.000102564
3	0.55	-0.000102207
3	0.6	-0.000102003
3	0.65	-0.000101699
3	0.7	-0.000101384
3	0.75	-0.000101084
3	0.8	-0.000100833
3	0.85	-0.000100565
3	0.9	-0.000100241
3	0.95	-0.000100041
3	1	-9.98E-05
3	1.05	-9.95E-05
3	1.1	-9.91E-05
3	1.15	-9.89E-05
3	1.2	-9.86E-05
3	1.25	-9.83E-05
3	1.3	-9.80E-05
3	1.35	-9.77E-05
3	1.4	-9.74E-05
3	1.45	-9.71E-05
3	1.5	-9.68E-05
3	1.55	-9.66E-05
3	1.6	-9.63E-05
3	1.65	-9.60E-05
3	1.7	-9.57E-05
3	1.75	-9.54E-05
3	1.8	-9.51E-05
3	1.85	-9.48E-05
3	1.9	-9.44E-05
3	1.95	-9.41E-05
3	2	-9.38E-05
3	2.05	-9.35E-05
3	2.1	-9.32E-05
3	2.15	-9.29E-05
3	2.2	-9.26E-05
3	2.25	-9.22E-05
3	2.3	-9.19E-05
3	2.35	-9.16E-05
3	2.4	-9.13E-05
3	2.45	-9.09E-05
3	2.5	-9.06E-05
3	2.55	-9.03E-05
3	2.6	-9.00E-05
3	2.65	-8.97E-05
3	2.7	-8.93E-05
3	2.75	-8.90E-05
3	2.8	-8.86E-05
3	2.85	-8.83E-05
3	2.9	-8.80E-05
3	2.95	-8.76E-05
3	3	-8.73E-05
3	3.05	-8.69E-05
3	3.1	-8.65E-05
3	3.15	-8.62E-05
3	3.2	-8.58E-05
3	3.25	-8.54E-05
3	3.3	-8.51E-05
3	3.35	-8.47E-05
3	3.4	-8.43E-05
3	3.45	-8.39E-05
3	3.5	-8.35E-05
3	3.55	-8.31E-05
3	3.6	-8.27E-05
3	3.65	-8.23E-05
3	3.7	-8.19E-05
3	3.75	-8.14E-05
3	3.8	-8.10E-05
3	3.85	-8.06E-05
3	3.9	-8.01E-05
3	3.95	-7.96E-05
3	4	-7.92E-05
3	4.05	-7.87E-05
3	4.1	-7.82E-05
3	4.15	-7.77E-05
3	4.2	-7.72E-05
3	4.25	-7.66E-05
3	4.3	-7.60E-05
3	4.35	-7.54E-05
3	4.4	-7.47E-05
3	4.45	-7.40E-05
3	4.5	-7.32E-05
3	4.55	-7.21E-05
3	4.6	-7.08E-05
3	4.65	-6.90E-05
3	4.7	-6.64E-05
3	4.75	-6.25E-05
3	4.8	-5.72E-05
3	4.85	-4.99E-05
3	4.9	-4.04E-05
3	4.95	-2.85E-05
3	5	-1.42E-05
3.5	0	-9.07E-07
3.5	0.05	-9.04E-07
3.5	0.1	-9.01E-07
3.5	0.15	-8.98E-07
3.5	0.2	-8.92E-07
3.5	0.25	-8.90E-07
3.5	0.3	-8.86E-07
3.5	0.35	-8.83E-07
3.5	0.4	-8.81E-07
3.5	0.45	-8.76E-07
3.5	0.5	-8.72E-07
3.5	0.55	-8.70E-07
3.5	0.6	-8.66E-07
3.5	0.65	-8.62E-07
3.5	0.7	-8.61E-07
3.5	0.75	-8.59E-07
3.5	0.8	-8.53E-07
3.5	0.85	-8.51E-07
3.5	0.9	-8.48E-07
3.5	0.95	-8.48E-07
3.5	1	-8.41E-07
3.5	1.05	-8.38E-07
3.5	1.1	-8.33E-07
3.5	1.15	-8.30E-07
3.5	1.2	-8.26E-07
3.5	1.25	-8.21E-07
3.5	1.3	-8.17E-07
3.5	1.35	-8.17E-07
3.5	1.4	-8.11E-07
3.5	1.45	-8.08E-07
3.5	1.5	-8.05E-07
3.5	1.55	-8.03E-07
3.5	1.6	-7.95E-07
3.5	1.65	-7.92E-07
3.5	1.7	-7.89E-07
3.5	1.75	-7.85E-07
3.5	1.8	-7.80E-07
3.5	1.85	-7.77E-07
3.5	1.9	-7.74E-07
3.5	1.95	-7.74E-07
3.5	2	-7.69E-07
3.5	2.05	-7.65E-07
3.5	2.1	-7.61E-07
3.5	2.15	-7.56E-07
3.5	2.2	-7.51E-07
3.5	2.25	-7.48E-07
3.5	2.3	-7.45E-07
3.5	2.35	-7.44E-07
3.5	2.4	-7.38E-07
3.5	2.45	-7.37E-07
3.5	2.5	-7.35E-07
3.5	2.55	-7.29E-07
3.5	2.6	-7.25E-07
3.5	2.65	-7.22E-07
3.5	2.7	-7.15E-07
3.5	2.75	-7.13E-07
3.5	2.8	-7.06E-07
3.5	2.85	-7.02E-07
3.5	2.9	-6.96E-07
3.5	2.95	-6.93E-07
3.5	3	-6.90E-07
3.5	3.05	-6.89E-07
3.5	3.1	-6.83E-07
3.5	3.15	-6.77E-07
3.5	3.2	-6.73E-07
3.5	3.25	-6.70E-07
3.5	3.3	-6.64E-07
3.5	3.35	-6.61E-07
3.5	3.4	-6.56E-07
3.5	3.45	-6.53E-07
3.5	3.5	-6.50E-07
3.5	3.55	-6.45E-07
3.5	3.6	-6.41E-07
3.5	3.65	-6.35E-07
3.5	3.7	-6.32E-07
3.5	3.75	-6.28E-07
3.5	3.8	-6.22E-07
3.5	3.85	-6.18E-07
3.5	3.9	-6.15E-07
3.5	3.95	-6.10E-07
3.5	4	-6.07E-07
3.5	4.05	-6.04E-07
3.5	4.1	-5.98E-07
3.5	4.15	-5.97E-07
3.5	4.2	-5.88E-07
3.5	4.25	-5.85E-07
3.5	4.3	-5.79E-07
3.5	4.35	-5.72E-07
3.5	4.4	-5.68E-07
3.5	4.45	-5.63E-07
3.5	4.5	-5.57E-07
3.5	4.55	-5.53E-07
3.5	4.6	-5.46E-07
3.5	4.65	-5.40E-07
3.5	4.7	-5.33E-07
3.5	4.75	-5.27E-07
3.5	4.8	-5.20E-07
3.5	4.85	-5.11E-07
3.5	4.9	-5.00E-07
3.5	4.95	-4.73E-07
3.5	5	-3.63E-07
4	0	2.62E-11
4	0.05	3.53E-11
4	0.1	3.46E-11
4	0.15	3.98E-11
4	0.2	4.22E-11
4	0.25	3.45E-11
4	0.3	3.15E-11
4	0.35	2.85E-11
4	0.4	2.08E-11
4	0.45	2.56E-11
4	0.5	2.01E-11
4	0.55	2.87E-11
4	0.6	2.23E-11
4	0.65	1.70E-11
4	0.7	2.02E-11
4	0.75	3.81E-11
4	0.8	2.50E-11
4	0.85	2.84E-11
4	0.9	2.87E-11
4	0.95	2.99E-11
4	1	3.39E-11
4	1.05	3.15E-11
4	1.1	4.02E-11
4	1.15	5.80E-11
4	1.2	9.20E-11
4	1.25	8.98E-11
4	1.3	1.05E-10
4	1.35	5.64E-11
4	1.4	1.49E-11
4	1.45	3.37E-10
4	1.5	-1.30E-10
4	1.55	-2.03E-10
4	1.6	-2.22E-10
4	1.65	-1.68E-11
4	1.7	-5.59E-11
4	1.75	-6.86E-11
4	1.8	2.26E-11
4	1.85	1.86E-10
4	1.9	7.15E-11
4	1.95	5.76E-12
4	2	1.87E-10
4	2.05	3.47E-10
4	2.1	-5.47E-11
4	2.15	-6.05E-11
4	2.2	-1.64E-12
4	2.25	-9.46E-11
4	2.3	-2.55E-10
4	2.35	2.14E-11
4	2.4	1.25E-11
4	2.45	1.68E-10
4	2.5	1.29E-10
4	2.55	4.46E-11
4	2.6	6.58E-11
4	2.65	6.23E-11
4	2.7	4.35E-11
4	2.75	7.23E-11
4	2.8	4.74E-11
4	2.85	2.11E-11
4	2.9	6.83E-11
4	2.95	1.19E-10
4	3	-1.15E-11
4	3.05	4.53E-11
4	3.1	2.42E-11
4	3.15	5.66E-11
4	3.2	3.41E-11
4	3.25	2.80E-11
4	3.3	-2.04E-11
4	3.35	1.39E-11
4	3.4	5.88E-11
4	3.45	5.77E-11
4	3.5	1.01E-10
4	3.55	1.05E-10
4	3.6	5.34E-11
4	3.65	8.06E-11
4	3.7	2.07E-10
4	3.75	4.91E-11
4	3.8	1.37E-11
4	3.85	4.22E-11
4	3.9	2.69E-11
4	3.95	5.49E-11
4	4	4.51E-11
4	4.05	4.35E-11
4	4.1	2.93E-11
4	4.15	3.23E-11
4	4.2	4.64E-11
4	4.25	3.60E-11
4	4.3	2.98E-11
4	4.35	3.86E-11
4	4.4	3.92E-11
4	4.45	3.91E-11
4	4.5	3.70E-11
4	4.55	1.75E-11
4	4.6	3.66E-11
4	4.65	4.69E-11
4	4.7	3.55E-11
4	4.75	4.00E-11
4	4.8	3.86E-11
4	4.85	4.29E-11
4	4.9	3.92E-11
4	4.95	3.43E-11
4	5	3.79E-11
4.5	0	1.04E-11
4.5	0.05	2.68E-11
4.5	0.1	2.74E-11
4.5	0.15	1.47E-11
4.5	0.2	5.43E-11
4.5	0.25	-2.20E-12
4.5	0.3	-3.19E-11
4.5	0.35	-3.24E-11
4.5	0.4	2.35E-11
4.5	0.45	-5.29E-12
4.5	0.5	1.75E-11
4.5	0.55	2.35E-11
4.5	0.6	-3.55E-11
4.5	0.65	3.77E-11
4.5	0.7	2.29E-11
4.5	0.75	1.05E-11
4.5	0.8	1.86E-11
4.5	0.85	4.31E-11
4.5	0.9	5.48E-11
4.5	0.95	1.99E-11
4.5	1	1.67E-11
4.5	1.05	-1.89E-11
4.5	1.1	1.18E-11
4.5	1.15	6.37E-11
4.5	1.2	3.75E-11
4.5	1.25	2.15E-11
4.5	1.3	1.97E-11
4.5	1.35	6.36E-13
4.5	1.4	8.53E-11
4.5	1.45	4.99E-11
4.5	1.5	2.23E-11
4.5	1.55	3.68E-11
4.5	1.6	5.58E-11
4.5	1.65	1.07E-10
4.5	1.7	2.68E-11
4.5	1.75	4.80E-11
4.5	1.8	5.95E-11
4.5	1.85	4.72E-11
4.5	1.9	3.55E-11
4.5	1.95	-1.28E-11
4.5	2	7.25E-11
4.5	2.05	3.79E-11
4.5	2.1	3.06E-11
4.5	2.15	5.28E-11
4.5	2.2	3.33E-11
4.5	2.25	4.11E-11
4.5	2.3	4.02E-11
4.5	2.35	2.61E-12
4.5	2.4	3.06E-11
4.5	2.45	5.27E-11
4.5	2.5	4.19E-11
4.5	2.55	2.61E-11
4.5	2.6	3.32E-11
4.5	2.65	3.96E-11
4.5	2.7	3.30E-11
4.5	2.75	5.31E-11
4.5	2.8	3.62E-11
4.5	2.85	5.98E-11
4.5	2.9	3.87E-11
4.5	2.95	5.23E-11
4.5	3	3.19E-11
4.5	3.05	5.42E-11
4.5	3.1	3.45E-11
4.5	3.15	4.37E-11
4.5	3.2	1.12E-11
4.5	3.25	5.12E-11
4.5	3.3	3.48E-11
4.5	3.35	4.76E-11
4.5	3.4	3.03E-11
4.5	3.45	2.17E-11
4.5	3.5	3.28E-11
4.5	3.55	4.64E-12
4.5	3.6	2.85E-11
4.5	3.65	3.18E-11
4.5	3.7	6.39E-11
4.5	3.75	4.31E-11
4.5	3.8	5.50E-11
4.5	3.85	7.30E-11
4.5	3.9	5.65E-11
4.5	3.95	5.29E-11
4.5	4	6.43E-11
4.5	4.05	3.58E-11
4.5	4.1	3.78E-11
4.5	4.15	4.78E-11
4.5	4.2	9.87E-11
4.5	4.25	6.14E-11
4.5	4.3	3.85E-11
4.5	4.35	3.14E-11
4.5	4.4	8.39E-13
4.5	4.45	-4.73E-11
4.5	4.5	-7.61E-11
4.5	4.55	-5.68E-11
4.5	4.6	-2.22E-11
4.5	4.65	-1.75E-12
4.5	4.7	1.81E-11
4.5	4.75	-2.52E-11
4.5	4.8	-4.00E-11
4.5	4.85	-3.34E-11
4.5	4.9	3.81E-11
4.5	4.95	1.41E-11
4.5	5	-6.61E-12
